1	-176.7	44.1	-348
2	-176.7	44.1	-290
3	-176.7	44.1	-232
4	-176.7	44.1	-174
5	-176.7	44.1	-116
6	-176.7	44.1	-58
7	-176.7	44.1	0
8	-176.7	44.1	58
9	-176.7	44.1	116
10	-176.7	44.1	174
11	-176.7	44.1	232
12	-176.7	44.1	290
13	-176.7	44.1	348
14	-117.3	44.1	-348
15	-117.3	44.1	-290
16	-117.3	44.1	-232
17	-117.3	44.1	-174
18	-117.3	44.1	-116
19	-117.3	44.1	-58
20	-117.3	44.1	0
21	-117.3	44.1	58
22	-117.3	44.1	116
23	-117.3	44.1	174
24	-117.3	44.1	232
25	-117.3	44.1	290
26	-117.3	44.1	348
27	-117.3	102.9	-348
28	-117.3	102.9	-290
29	-117.3	102.9	-232
30	-117.3	102.9	-174
31	-117.3	102.9	-116
32	-117.3	102.9	-58
33	-117.3	102.9	0
34	-117.3	102.9	58
35	-117.3	102.9	116
36	-117.3	102.9	174
37	-117.3	102.9	232
38	-117.3	102.9	290
39	-117.3	102.9	348
40	-176.7	102.9	-348
41	-176.7	102.9	-290
42	-176.7	102.9	-232
43	-176.7	102.9	-174
44	-176.7	102.9	-116
45	-176.7	102.9	-58
46	-176.7	102.9	0
47	-176.7	102.9	58
48	-176.7	102.9	116
49	-176.7	102.9	174
50	-176.7	102.9	232
51	-176.7	102.9	290
52	-176.7	102.9	348
53	-176.7	191.1	-348
54	-176.7	191.1	-290
55	-176.7	191.1	-232
56	-176.7	191.1	-174
57	-176.7	191.1	-116
58	-176.7	191.1	-58
59	-176.7	191.1	0
60	-176.7	191.1	58
61	-176.7	191.1	116
62	-176.7	191.1	174
63	-176.7	191.1	232
64	-176.7	191.1	290
65	-176.7	191.1	348
66	-117.3	191.1	-348
67	-117.3	191.1	-290
68	-117.3	191.1	-232
69	-117.3	191.1	-174
70	-117.3	191.1	-116
71	-117.3	191.1	-58
72	-117.3	191.1	0
73	-117.3	191.1	58
74	-117.3	191.1	116
75	-117.3	191.1	174
76	-117.3	191.1	232
77	-117.3	191.1	290
78	-117.3	191.1	348
79	-117.3	249.9	-348
80	-117.3	249.9	-290
81	-117.3	249.9	-232
82	-117.3	249.9	-174
83	-117.3	249.9	-116
84	-117.3	249.9	-58
85	-117.3	249.9	0
86	-117.3	249.9	58
87	-117.3	249.9	116
88	-117.3	249.9	174
89	-117.3	249.9	232
90	-117.3	249.9	290
91	-117.3	249.9	348
92	-176.7	249.9	-348
93	-176.7	249.9	-290
94	-176.7	249.9	-232
95	-176.7	249.9	-174
96	-176.7	249.9	-116
97	-176.7	249.9	-58
98	-176.7	249.9	0
99	-176.7	249.9	58
100	-176.7	249.9	116
101	-176.7	249.9	174
102	-176.7	249.9	232
103	-176.7	249.9	290
104	-176.7	249.9	348
105	-323.7	-29.4	-348
106	-323.7	-29.4	-290
107	-323.7	-29.4	-232
108	-323.7	-29.4	-174
109	-323.7	-29.4	-116
110	-323.7	-29.4	-58
111	-323.7	-29.4	0
112	-323.7	-29.4	58
113	-323.7	-29.4	116
114	-323.7	-29.4	174
115	-323.7	-29.4	232
116	-323.7	-29.4	290
117	-323.7	-29.4	348
118	-264.3	-29.4	-348
119	-264.3	-29.4	-290
120	-264.3	-29.4	-232
121	-264.3	-29.4	-174
122	-264.3	-29.4	-116
123	-264.3	-29.4	-58
124	-264.3	-29.4	0
125	-264.3	-29.4	58
126	-264.3	-29.4	116
127	-264.3	-29.4	174
128	-264.3	-29.4	232
129	-264.3	-29.4	290
130	-264.3	-29.4	348
131	-264.3	29.4	-348
132	-264.3	29.4	-290
133	-264.3	29.4	-232
134	-264.3	29.4	-174
135	-264.3	29.4	-116
136	-264.3	29.4	-58
137	-264.3	29.4	0
138	-264.3	29.4	58
139	-264.3	29.4	116
140	-264.3	29.4	174
141	-264.3	29.4	232
142	-264.3	29.4	290
143	-264.3	29.4	348
144	-323.7	29.4	-348
145	-323.7	29.4	-290
146	-323.7	29.4	-232
147	-323.7	29.4	-174
148	-323.7	29.4	-116
149	-323.7	29.4	-58
150	-323.7	29.4	0
151	-323.7	29.4	58
152	-323.7	29.4	116
153	-323.7	29.4	174
154	-323.7	29.4	232
155	-323.7	29.4	290
156	-323.7	29.4	348
157	-323.7	117.6	-348
158	-323.7	117.6	-290
159	-323.7	117.6	-232
160	-323.7	117.6	-174
161	-323.7	117.6	-116
162	-323.7	117.6	-58
163	-323.7	117.6	0
164	-323.7	117.6	58
165	-323.7	117.6	116
166	-323.7	117.6	174
167	-323.7	117.6	232
168	-323.7	117.6	290
169	-323.7	117.6	348
170	-264.3	117.6	-348
171	-264.3	117.6	-290
172	-264.3	117.6	-232
173	-264.3	117.6	-174
174	-264.3	117.6	-116
175	-264.3	117.6	-58
176	-264.3	117.6	0
177	-264.3	117.6	58
178	-264.3	117.6	116
179	-264.3	117.6	174
180	-264.3	117.6	232
181	-264.3	117.6	290
182	-264.3	117.6	348
183	-264.3	176.4	-348
184	-264.3	176.4	-290
185	-264.3	176.4	-232
186	-264.3	176.4	-174
187	-264.3	176.4	-116
188	-264.3	176.4	-58
189	-264.3	176.4	0
190	-264.3	176.4	58
191	-264.3	176.4	116
192	-264.3	176.4	174
193	-264.3	176.4	232
194	-264.3	176.4	290
195	-264.3	176.4	348
196	-323.7	176.4	-348
197	-323.7	176.4	-290
198	-323.7	176.4	-232
199	-323.7	176.4	-174
200	-323.7	176.4	-116
201	-323.7	176.4	-58
202	-323.7	176.4	0
203	-323.7	176.4	58
204	-323.7	176.4	116
205	-323.7	176.4	174
206	-323.7	176.4	232
207	-323.7	176.4	290
208	-323.7	176.4	348
209	-29.7	-29.4	-348
210	-29.7	-29.4	-290
211	-29.7	-29.4	-232
212	-29.7	-29.4	-174
213	-29.7	-29.4	-116
214	-29.7	-29.4	-58
215	-29.7	-29.4	0
216	-29.7	-29.4	58
217	-29.7	-29.4	116
218	-29.7	-29.4	174
219	-29.7	-29.4	232
220	-29.7	-29.4	290
221	-29.7	-29.4	348
222	29.7	-29.4	-348
223	29.7	-29.4	-290
224	29.7	-29.4	-232
225	29.7	-29.4	-174
226	29.7	-29.4	-116
227	29.7	-29.4	-58
228	29.7	-29.4	0
229	29.7	-29.4	58
230	29.7	-29.4	116
231	29.7	-29.4	174
232	29.7	-29.4	232
233	29.7	-29.4	290
234	29.7	-29.4	348
235	29.7	29.4	-348
236	29.7	29.4	-290
237	29.7	29.4	-232
238	29.7	29.4	-174
239	29.7	29.4	-116
240	29.7	29.4	-58
241	29.7	29.4	0
242	29.7	29.4	58
243	29.7	29.4	116
244	29.7	29.4	174
245	29.7	29.4	232
246	29.7	29.4	290
247	29.7	29.4	348
248	-29.7	29.4	-348
249	-29.7	29.4	-290
250	-29.7	29.4	-232
251	-29.7	29.4	-174
252	-29.7	29.4	-116
253	-29.7	29.4	-58
254	-29.7	29.4	0
255	-29.7	29.4	58
256	-29.7	29.4	116
257	-29.7	29.4	174
258	-29.7	29.4	232
259	-29.7	29.4	290
260	-29.7	29.4	348
261	-29.7	117.6	-348
262	-29.7	117.6	-290
263	-29.7	117.6	-232
264	-29.7	117.6	-174
265	-29.7	117.6	-116
266	-29.7	117.6	-58
267	-29.7	117.6	0
268	-29.7	117.6	58
269	-29.7	117.6	116
270	-29.7	117.6	174
271	-29.7	117.6	232
272	-29.7	117.6	290
273	-29.7	117.6	348
274	29.7	117.6	-348
275	29.7	117.6	-290
276	29.7	117.6	-232
277	29.7	117.6	-174
278	29.7	117.6	-116
279	29.7	117.6	-58
280	29.7	117.6	0
281	29.7	117.6	58
282	29.7	117.6	116
283	29.7	117.6	174
284	29.7	117.6	232
285	29.7	117.6	290
286	29.7	117.6	348
287	29.7	176.4	-348
288	29.7	176.4	-290
289	29.7	176.4	-232
290	29.7	176.4	-174
291	29.7	176.4	-116
292	29.7	176.4	-58
293	29.7	176.4	0
294	29.7	176.4	58
295	29.7	176.4	116
296	29.7	176.4	174
297	29.7	176.4	232
298	29.7	176.4	290
299	29.7	176.4	348
300	-29.7	176.4	-348
301	-29.7	176.4	-290
302	-29.7	176.4	-232
303	-29.7	176.4	-174
304	-29.7	176.4	-116
305	-29.7	176.4	-58
306	-29.7	176.4	0
307	-29.7	176.4	58
308	-29.7	176.4	116
309	-29.7	176.4	174
310	-29.7	176.4	232
311	-29.7	176.4	290
312	-29.7	176.4	348
313	-29.7	264.6	-348
314	-29.7	264.6	-290
315	-29.7	264.6	-232
316	-29.7	264.6	-174
317	-29.7	264.6	-116
318	-29.7	264.6	-58
319	-29.7	264.6	0
320	-29.7	264.6	58
321	-29.7	264.6	116
322	-29.7	264.6	174
323	-29.7	264.6	232
324	-29.7	264.6	290
325	-29.7	264.6	348
326	29.7	264.6	-348
327	29.7	264.6	-290
328	29.7	264.6	-232
329	29.7	264.6	-174
330	29.7	264.6	-116
331	29.7	264.6	-58
332	29.7	264.6	0
333	29.7	264.6	58
334	29.7	264.6	116
335	29.7	264.6	174
336	29.7	264.6	232
337	29.7	264.6	290
338	29.7	264.6	348
339	29.7	323.4	-348
340	29.7	323.4	-290
341	29.7	323.4	-232
342	29.7	323.4	-174
343	29.7	323.4	-116
344	29.7	323.4	-58
345	29.7	323.4	0
346	29.7	323.4	58
347	29.7	323.4	116
348	29.7	323.4	174
349	29.7	323.4	232
350	29.7	323.4	290
351	29.7	323.4	348
352	-29.7	323.4	-348
353	-29.7	323.4	-290
354	-29.7	323.4	-232
355	-29.7	323.4	-174
356	-29.7	323.4	-116
357	-29.7	323.4	-58
358	-29.7	323.4	0
359	-29.7	323.4	58
360	-29.7	323.4	116
361	-29.7	323.4	174
362	-29.7	323.4	232
363	-29.7	323.4	290
364	-29.7	323.4	348
365	117.3	44.1	-348
366	117.3	44.1	-290
367	117.3	44.1	-232
368	117.3	44.1	-174
369	117.3	44.1	-116
370	117.3	44.1	-58
371	117.3	44.1	0
372	117.3	44.1	58
373	117.3	44.1	116
374	117.3	44.1	174
375	117.3	44.1	232
376	117.3	44.1	290
377	117.3	44.1	348
378	176.7	44.1	-348
379	176.7	44.1	-290
380	176.7	44.1	-232
381	176.7	44.1	-174
382	176.7	44.1	-116
383	176.7	44.1	-58
384	176.7	44.1	0
385	176.7	44.1	58
386	176.7	44.1	116
387	176.7	44.1	174
388	176.7	44.1	232
389	176.7	44.1	290
390	176.7	44.1	348
391	176.7	102.9	-348
392	176.7	102.9	-290
393	176.7	102.9	-232
394	176.7	102.9	-174
395	176.7	102.9	-116
396	176.7	102.9	-58
397	176.7	102.9	0
398	176.7	102.9	58
399	176.7	102.9	116
400	176.7	102.9	174
401	176.7	102.9	232
402	176.7	102.9	290
403	176.7	102.9	348
404	117.3	102.9	-348
405	117.3	102.9	-290
406	117.3	102.9	-232
407	117.3	102.9	-174
408	117.3	102.9	-116
409	117.3	102.9	-58
410	117.3	102.9	0
411	117.3	102.9	58
412	117.3	102.9	116
413	117.3	102.9	174
414	117.3	102.9	232
415	117.3	102.9	290
416	117.3	102.9	348
417	117.3	191.1	-348
418	117.3	191.1	-290
419	117.3	191.1	-232
420	117.3	191.1	-174
421	117.3	191.1	-116
422	117.3	191.1	-58
423	117.3	191.1	0
424	117.3	191.1	58
425	117.3	191.1	116
426	117.3	191.1	174
427	117.3	191.1	232
428	117.3	191.1	290
429	117.3	191.1	348
430	176.7	191.1	-348
431	176.7	191.1	-290
432	176.7	191.1	-232
433	176.7	191.1	-174
434	176.7	191.1	-116
435	176.7	191.1	-58
436	176.7	191.1	0
437	176.7	191.1	58
438	176.7	191.1	116
439	176.7	191.1	174
440	176.7	191.1	232
441	176.7	191.1	290
442	176.7	191.1	348
443	176.7	249.9	-348
444	176.7	249.9	-290
445	176.7	249.9	-232
446	176.7	249.9	-174
447	176.7	249.9	-116
448	176.7	249.9	-58
449	176.7	249.9	0
450	176.7	249.9	58
451	176.7	249.9	116
452	176.7	249.9	174
453	176.7	249.9	232
454	176.7	249.9	290
455	176.7	249.9	348
456	117.3	249.9	-348
457	117.3	249.9	-290
458	117.3	249.9	-232
459	117.3	249.9	-174
460	117.3	249.9	-116
461	117.3	249.9	-58
462	117.3	249.9	0
463	117.3	249.9	58
464	117.3	249.9	116
465	117.3	249.9	174
466	117.3	249.9	232
467	117.3	249.9	290
468	117.3	249.9	348
469	264.3	-29.4	-348
470	264.3	-29.4	-290
471	264.3	-29.4	-232
472	264.3	-29.4	-174
473	264.3	-29.4	-116
474	264.3	-29.4	-58
475	264.3	-29.4	0
476	264.3	-29.4	58
477	264.3	-29.4	116
478	264.3	-29.4	174
479	264.3	-29.4	232
480	264.3	-29.4	290
481	264.3	-29.4	348
482	323.7	-29.4	-348
483	323.7	-29.4	-290
484	323.7	-29.4	-232
485	323.7	-29.4	-174
486	323.7	-29.4	-116
487	323.7	-29.4	-58
488	323.7	-29.4	0
489	323.7	-29.4	58
490	323.7	-29.4	116
491	323.7	-29.4	174
492	323.7	-29.4	232
493	323.7	-29.4	290
494	323.7	-29.4	348
495	323.7	29.4	-348
496	323.7	29.4	-290
497	323.7	29.4	-232
498	323.7	29.4	-174
499	323.7	29.4	-116
500	323.7	29.4	-58
501	323.7	29.4	0
502	323.7	29.4	58
503	323.7	29.4	116
504	323.7	29.4	174
505	323.7	29.4	232
506	323.7	29.4	290
507	323.7	29.4	348
508	264.3	29.4	-348
509	264.3	29.4	-290
510	264.3	29.4	-232
511	264.3	29.4	-174
512	264.3	29.4	-116
513	264.3	29.4	-58
514	264.3	29.4	0
515	264.3	29.4	58
516	264.3	29.4	116
517	264.3	29.4	174
518	264.3	29.4	232
519	264.3	29.4	290
520	264.3	29.4	348
521	264.3	117.6	-348
522	264.3	117.6	-290
523	264.3	117.6	-232
524	264.3	117.6	-174
525	264.3	117.6	-116
526	264.3	117.6	-58
527	264.3	117.6	0
528	264.3	117.6	58
529	264.3	117.6	116
530	264.3	117.6	174
531	264.3	117.6	232
532	264.3	117.6	290
533	264.3	117.6	348
534	323.7	117.6	-348
535	323.7	117.6	-290
536	323.7	117.6	-232
537	323.7	117.6	-174
538	323.7	117.6	-116
539	323.7	117.6	-58
540	323.7	117.6	0
541	323.7	117.6	58
542	323.7	117.6	116
543	323.7	117.6	174
544	323.7	117.6	232
545	323.7	117.6	290
546	323.7	117.6	348
547	323.7	176.4	-348
548	323.7	176.4	-290
549	323.7	176.4	-232
550	323.7	176.4	-174
551	323.7	176.4	-116
552	323.7	176.4	-58
553	323.7	176.4	0
554	323.7	176.4	58
555	323.7	176.4	116
556	323.7	176.4	174
557	323.7	176.4	232
558	323.7	176.4	290
559	323.7	176.4	348
560	264.3	176.4	-348
561	264.3	176.4	-290
562	264.3	176.4	-232
563	264.3	176.4	-174
564	264.3	176.4	-116
565	264.3	176.4	-58
566	264.3	176.4	0
567	264.3	176.4	58
568	264.3	176.4	116
569	264.3	176.4	174
570	264.3	176.4	232
571	264.3	176.4	290
572	264.3	176.4	348
573	29.7	-264.6	-348
574	29.7	-264.6	-290
575	29.7	-264.6	-232
576	29.7	-264.6	-174
577	29.7	-264.6	-116
578	29.7	-264.6	-58
579	29.7	-264.6	0
580	29.7	-264.6	58
581	29.7	-264.6	116
582	29.7	-264.6	174
583	29.7	-264.6	232
584	29.7	-264.6	290
585	29.7	-264.6	348
586	-29.7	-264.6	-348
587	-29.7	-264.6	-290
588	-29.7	-264.6	-232
589	-29.7	-264.6	-174
590	-29.7	-264.6	-116
591	-29.7	-264.6	-58
592	-29.7	-264.6	0
593	-29.7	-264.6	58
594	-29.7	-264.6	116
595	-29.7	-264.6	174
596	-29.7	-264.6	232
597	-29.7	-264.6	290
598	-29.7	-264.6	348
599	-29.7	-323.4	-348
600	-29.7	-323.4	-290
601	-29.7	-323.4	-232
602	-29.7	-323.4	-174
603	-29.7	-323.4	-116
604	-29.7	-323.4	-58
605	-29.7	-323.4	0
606	-29.7	-323.4	58
607	-29.7	-323.4	116
608	-29.7	-323.4	174
609	-29.7	-323.4	232
610	-29.7	-323.4	290
611	-29.7	-323.4	348
612	29.7	-323.4	-348
613	29.7	-323.4	-290
614	29.7	-323.4	-232
615	29.7	-323.4	-174
616	29.7	-323.4	-116
617	29.7	-323.4	-58
618	29.7	-323.4	0
619	29.7	-323.4	58
620	29.7	-323.4	116
621	29.7	-323.4	174
622	29.7	-323.4	232
623	29.7	-323.4	290
624	29.7	-323.4	348
625	176.7	-44.1	-348
626	176.7	-44.1	-290
627	176.7	-44.1	-232
628	176.7	-44.1	-174
629	176.7	-44.1	-116
630	176.7	-44.1	-58
631	176.7	-44.1	0
632	176.7	-44.1	58
633	176.7	-44.1	116
634	176.7	-44.1	174
635	176.7	-44.1	232
636	176.7	-44.1	290
637	176.7	-44.1	348
638	117.3	-44.1	-348
639	117.3	-44.1	-290
640	117.3	-44.1	-232
641	117.3	-44.1	-174
642	117.3	-44.1	-116
643	117.3	-44.1	-58
644	117.3	-44.1	0
645	117.3	-44.1	58
646	117.3	-44.1	116
647	117.3	-44.1	174
648	117.3	-44.1	232
649	117.3	-44.1	290
650	117.3	-44.1	348
651	117.3	-102.9	-348
652	117.3	-102.9	-290
653	117.3	-102.9	-232
654	117.3	-102.9	-174
655	117.3	-102.9	-116
656	117.3	-102.9	-58
657	117.3	-102.9	0
658	117.3	-102.9	58
659	117.3	-102.9	116
660	117.3	-102.9	174
661	117.3	-102.9	232
662	117.3	-102.9	290
663	117.3	-102.9	348
664	176.7	-102.9	-348
665	176.7	-102.9	-290
666	176.7	-102.9	-232
667	176.7	-102.9	-174
668	176.7	-102.9	-116
669	176.7	-102.9	-58
670	176.7	-102.9	0
671	176.7	-102.9	58
672	176.7	-102.9	116
673	176.7	-102.9	174
674	176.7	-102.9	232
675	176.7	-102.9	290
676	176.7	-102.9	348
677	176.7	-191.1	-348
678	176.7	-191.1	-290
679	176.7	-191.1	-232
680	176.7	-191.1	-174
681	176.7	-191.1	-116
682	176.7	-191.1	-58
683	176.7	-191.1	0
684	176.7	-191.1	58
685	176.7	-191.1	116
686	176.7	-191.1	174
687	176.7	-191.1	232
688	176.7	-191.1	290
689	176.7	-191.1	348
690	117.3	-191.1	-348
691	117.3	-191.1	-290
692	117.3	-191.1	-232
693	117.3	-191.1	-174
694	117.3	-191.1	-116
695	117.3	-191.1	-58
696	117.3	-191.1	0
697	117.3	-191.1	58
698	117.3	-191.1	116
699	117.3	-191.1	174
700	117.3	-191.1	232
701	117.3	-191.1	290
702	117.3	-191.1	348
703	117.3	-249.9	-348
704	117.3	-249.9	-290
705	117.3	-249.9	-232
706	117.3	-249.9	-174
707	117.3	-249.9	-116
708	117.3	-249.9	-58
709	117.3	-249.9	0
710	117.3	-249.9	58
711	117.3	-249.9	116
712	117.3	-249.9	174
713	117.3	-249.9	232
714	117.3	-249.9	290
715	117.3	-249.9	348
716	176.7	-249.9	-348
717	176.7	-249.9	-290
718	176.7	-249.9	-232
719	176.7	-249.9	-174
720	176.7	-249.9	-116
721	176.7	-249.9	-58
722	176.7	-249.9	0
723	176.7	-249.9	58
724	176.7	-249.9	116
725	176.7	-249.9	174
726	176.7	-249.9	232
727	176.7	-249.9	290
728	176.7	-249.9	348
729	323.7	-117.6	-348
730	323.7	-117.6	-290
731	323.7	-117.6	-232
732	323.7	-117.6	-174
733	323.7	-117.6	-116
734	323.7	-117.6	-58
735	323.7	-117.6	0
736	323.7	-117.6	58
737	323.7	-117.6	116
738	323.7	-117.6	174
739	323.7	-117.6	232
740	323.7	-117.6	290
741	323.7	-117.6	348
742	264.3	-117.6	-348
743	264.3	-117.6	-290
744	264.3	-117.6	-232
745	264.3	-117.6	-174
746	264.3	-117.6	-116
747	264.3	-117.6	-58
748	264.3	-117.6	0
749	264.3	-117.6	58
750	264.3	-117.6	116
751	264.3	-117.6	174
752	264.3	-117.6	232
753	264.3	-117.6	290
754	264.3	-117.6	348
755	264.3	-176.4	-348
756	264.3	-176.4	-290
757	264.3	-176.4	-232
758	264.3	-176.4	-174
759	264.3	-176.4	-116
760	264.3	-176.4	-58
761	264.3	-176.4	0
762	264.3	-176.4	58
763	264.3	-176.4	116
764	264.3	-176.4	174
765	264.3	-176.4	232
766	264.3	-176.4	290
767	264.3	-176.4	348
768	323.7	-176.4	-348
769	323.7	-176.4	-290
770	323.7	-176.4	-232
771	323.7	-176.4	-174
772	323.7	-176.4	-116
773	323.7	-176.4	-58
774	323.7	-176.4	0
775	323.7	-176.4	58
776	323.7	-176.4	116
777	323.7	-176.4	174
778	323.7	-176.4	232
779	323.7	-176.4	290
780	323.7	-176.4	348
781	29.7	-117.6	-348
782	29.7	-117.6	-290
783	29.7	-117.6	-232
784	29.7	-117.6	-174
785	29.7	-117.6	-116
786	29.7	-117.6	-58
787	29.7	-117.6	0
788	29.7	-117.6	58
789	29.7	-117.6	116
790	29.7	-117.6	174
791	29.7	-117.6	232
792	29.7	-117.6	290
793	29.7	-117.6	348
794	-29.7	-117.6	-348
795	-29.7	-117.6	-290
796	-29.7	-117.6	-232
797	-29.7	-117.6	-174
798	-29.7	-117.6	-116
799	-29.7	-117.6	-58
800	-29.7	-117.6	0
801	-29.7	-117.6	58
802	-29.7	-117.6	116
803	-29.7	-117.6	174
804	-29.7	-117.6	232
805	-29.7	-117.6	290
806	-29.7	-117.6	348
807	-29.7	-176.4	-348
808	-29.7	-176.4	-290
809	-29.7	-176.4	-232
810	-29.7	-176.4	-174
811	-29.7	-176.4	-116
812	-29.7	-176.4	-58
813	-29.7	-176.4	0
814	-29.7	-176.4	58
815	-29.7	-176.4	116
816	-29.7	-176.4	174
817	-29.7	-176.4	232
818	-29.7	-176.4	290
819	-29.7	-176.4	348
820	29.7	-176.4	-348
821	29.7	-176.4	-290
822	29.7	-176.4	-232
823	29.7	-176.4	-174
824	29.7	-176.4	-116
825	29.7	-176.4	-58
826	29.7	-176.4	0
827	29.7	-176.4	58
828	29.7	-176.4	116
829	29.7	-176.4	174
830	29.7	-176.4	232
831	29.7	-176.4	290
832	29.7	-176.4	348
833	-117.3	-44.1	-348
834	-117.3	-44.1	-290
835	-117.3	-44.1	-232
836	-117.3	-44.1	-174
837	-117.3	-44.1	-116
838	-117.3	-44.1	-58
839	-117.3	-44.1	0
840	-117.3	-44.1	58
841	-117.3	-44.1	116
842	-117.3	-44.1	174
843	-117.3	-44.1	232
844	-117.3	-44.1	290
845	-117.3	-44.1	348
846	-176.7	-44.1	-348
847	-176.7	-44.1	-290
848	-176.7	-44.1	-232
849	-176.7	-44.1	-174
850	-176.7	-44.1	-116
851	-176.7	-44.1	-58
852	-176.7	-44.1	0
853	-176.7	-44.1	58
854	-176.7	-44.1	116
855	-176.7	-44.1	174
856	-176.7	-44.1	232
857	-176.7	-44.1	290
858	-176.7	-44.1	348
859	-176.7	-102.9	-348
860	-176.7	-102.9	-290
861	-176.7	-102.9	-232
862	-176.7	-102.9	-174
863	-176.7	-102.9	-116
864	-176.7	-102.9	-58
865	-176.7	-102.9	0
866	-176.7	-102.9	58
867	-176.7	-102.9	116
868	-176.7	-102.9	174
869	-176.7	-102.9	232
870	-176.7	-102.9	290
871	-176.7	-102.9	348
872	-117.3	-102.9	-348
873	-117.3	-102.9	-290
874	-117.3	-102.9	-232
875	-117.3	-102.9	-174
876	-117.3	-102.9	-116
877	-117.3	-102.9	-58
878	-117.3	-102.9	0
879	-117.3	-102.9	58
880	-117.3	-102.9	116
881	-117.3	-102.9	174
882	-117.3	-102.9	232
883	-117.3	-102.9	290
884	-117.3	-102.9	348
885	-117.3	-191.1	-348
886	-117.3	-191.1	-290
887	-117.3	-191.1	-232
888	-117.3	-191.1	-174
889	-117.3	-191.1	-116
890	-117.3	-191.1	-58
891	-117.3	-191.1	0
892	-117.3	-191.1	58
893	-117.3	-191.1	116
894	-117.3	-191.1	174
895	-117.3	-191.1	232
896	-117.3	-191.1	290
897	-117.3	-191.1	348
898	-176.7	-191.1	-348
899	-176.7	-191.1	-290
900	-176.7	-191.1	-232
901	-176.7	-191.1	-174
902	-176.7	-191.1	-116
903	-176.7	-191.1	-58
904	-176.7	-191.1	0
905	-176.7	-191.1	58
906	-176.7	-191.1	116
907	-176.7	-191.1	174
908	-176.7	-191.1	232
909	-176.7	-191.1	290
910	-176.7	-191.1	348
911	-176.7	-249.9	-348
912	-176.7	-249.9	-290
913	-176.7	-249.9	-232
914	-176.7	-249.9	-174
915	-176.7	-249.9	-116
916	-176.7	-249.9	-58
917	-176.7	-249.9	0
918	-176.7	-249.9	58
919	-176.7	-249.9	116
920	-176.7	-249.9	174
921	-176.7	-249.9	232
922	-176.7	-249.9	290
923	-176.7	-249.9	348
924	-117.3	-249.9	-348
925	-117.3	-249.9	-290
926	-117.3	-249.9	-232
927	-117.3	-249.9	-174
928	-117.3	-249.9	-116
929	-117.3	-249.9	-58
930	-117.3	-249.9	0
931	-117.3	-249.9	58
932	-117.3	-249.9	116
933	-117.3	-249.9	174
934	-117.3	-249.9	232
935	-117.3	-249.9	290
936	-117.3	-249.9	348
937	-264.3	-117.6	-348
938	-264.3	-117.6	-290
939	-264.3	-117.6	-232
940	-264.3	-117.6	-174
941	-264.3	-117.6	-116
942	-264.3	-117.6	-58
943	-264.3	-117.6	0
944	-264.3	-117.6	58
945	-264.3	-117.6	116
946	-264.3	-117.6	174
947	-264.3	-117.6	232
948	-264.3	-117.6	290
949	-264.3	-117.6	348
950	-323.7	-117.6	-348
951	-323.7	-117.6	-290
952	-323.7	-117.6	-232
953	-323.7	-117.6	-174
954	-323.7	-117.6	-116
955	-323.7	-117.6	-58
956	-323.7	-117.6	0
957	-323.7	-117.6	58
958	-323.7	-117.6	116
959	-323.7	-117.6	174
960	-323.7	-117.6	232
961	-323.7	-117.6	290
962	-323.7	-117.6	348
963	-323.7	-176.4	-348
964	-323.7	-176.4	-290
965	-323.7	-176.4	-232
966	-323.7	-176.4	-174
967	-323.7	-176.4	-116
968	-323.7	-176.4	-58
969	-323.7	-176.4	0
970	-323.7	-176.4	58
971	-323.7	-176.4	116
972	-323.7	-176.4	174
973	-323.7	-176.4	232
974	-323.7	-176.4	290
975	-323.7	-176.4	348
976	-264.3	-176.4	-348
977	-264.3	-176.4	-290
978	-264.3	-176.4	-232
979	-264.3	-176.4	-174
980	-264.3	-176.4	-116
981	-264.3	-176.4	-58
982	-264.3	-176.4	0
983	-264.3	-176.4	58
984	-264.3	-176.4	116
985	-264.3	-176.4	174
986	-264.3	-176.4	232
987	-264.3	-176.4	290
988	-264.3	-176.4	348
